# Scheme suggested by Ariel Rokem, gradients are interleaved so that large gradients are not consecutive
----------------------------------------------------------


[directions=80]
CoordinateSystem = xyz
Normalization = none
Vector[0] = ( 0.00000, 0.00000, 0.00000 )
Vector[1] = ( -0.04729, 0.27436, 0.64999 )
Vector[2] = ( -0.06308, -0.01367, 0.00074 )
Vector[3] = ( 0.11953, 0.54326, 0.43656 )
Vector[4] = ( -0.05348, -0.05736, 0.06531 )
Vector[5] = ( 0.39461, 0.33465, 0.48196 )
Vector[6] = ( 0.08519, 0.10520, 0.05009 )
Vector[7] = ( 0.23561, 0.10178, 0.65888 )
Vector[8] = ( -0.02623, -0.19930, 0.03544 )
Vector[9] = ( 0.32015, -0.52093, 0.35515 )
Vector[10] = ( -0.13208, 0.24564, 0.07449 )
Vector[11] = ( 0.28640, -0.22173, 0.60730 )
Vector[12] = ( -0.04203, 0.01885, 0.04522 )
Vector[13] = ( 0.50972, 0.02386, 0.48951 )
Vector[14] = ( 0.00057, 0.06324, 0.08011 )
Vector[15] = ( 0.65026, -0.14161, 0.23898 )
Vector[16] = ( -0.01242, -0.01201, 0.14330 )
Vector[17] = ( 0.74903, 0.29185, 0.59479 )
Vector[18] = ( 0.05659, -0.13402, 0.14319 )
Vector[19] = ( -0.93319, -0.21876, 0.28512 )
Vector[20] = ( 0.00000, 0.00000, 0.00000 )
Vector[21] = ( 0.24443, -0.13246, 0.07771 )
Vector[22] = ( -0.87410, -0.48547, -0.01614 )
Vector[23] = ( -0.44605, -0.09667, 0.00520 )
Vector[24] = ( -0.60544, -0.69662, 0.38493 )
Vector[25] = ( -0.23918, -0.25653, 0.29209 )
Vector[26] = ( -0.71527, -0.36624, 0.59519 )
Vector[27] = ( 0.26941, 0.33266, 0.15839 )
Vector[28] = ( -0.89730, 0.16705, 0.40860 )
Vector[29] = ( -0.05866, -0.44566, 0.07925 )
Vector[30] = ( 0.95192, 0.07222, 0.29770 )
Vector[31] = ( -0.20884, 0.38839, 0.11778 )
Vector[32] = ( -0.23439, -0.87351, 0.42666 )
Vector[33] = ( -0.29719, 0.13331, 0.31975 )
Vector[34] = ( -0.45349, -0.88933, -0.05861 )
Vector[35] = ( 0.00253, 0.28280, 0.35826 )
Vector[36] = ( 0.43302, 0.69575, 0.57308 )
Vector[37] = ( -0.03928, -0.03799, 0.45315 )
Vector[38] = ( -0.31855, -0.48175, 0.81636 )
Vector[39] = ( 0.12655, -0.29967, 0.32018 )
Vector[40] = ( 0.00000, 0.00000, 0.00000 )
Vector[41] = ( -0.68891, 0.01839, 0.72461 )
Vector[42] = ( 0.38648, -0.20944, 0.12288 )
Vector[43] = ( -0.35598, -0.09303, 0.92985 )
Vector[44] = ( 0.61871, 0.23563, 0.24834 )
Vector[45] = ( 0.00426, -0.70477, 0.70942 )
Vector[46] = ( -0.56492, -0.35945, 0.22729 )
Vector[47] = ( -0.82695, 0.51875, 0.21691 )
Vector[48] = ( 0.50379, 0.49107, 0.07103 )
Vector[49] = ( -0.08939, 0.99570, 0.02439 )
Vector[50] = ( -0.31086, -0.61196, 0.16992 )
Vector[51] = ( 0.10110, 0.91451, 0.39174 )
Vector[52] = ( 0.70265, -0.03569, -0.07075 )
Vector[53] = ( -0.55379, 0.69162, 0.46366 )
Vector[54] = ( -0.20170, -0.49680, 0.46099 )
Vector[55] = ( -0.18402, 0.75256, 0.63229 )
Vector[56] = ( -0.59928, -0.06216, 0.37014 )
Vector[57] = ( -0.60131, 0.79857, 0.02673 )
Vector[58] = ( -0.37440, -0.21447, 0.56021 )
Vector[59] = ( -0.33635, 0.39644, 0.85423 )
Vector[60] = ( 0.00000, 0.00000, 0.00000 )
Vector[61] = ( -0.33571, 0.11060, 0.61243 )
Vector[62] = ( 0.30550, -0.89403, 0.32768 )
Vector[63] = ( -0.55261, 0.29117, 0.33143 )
Vector[64] = ( 0.06144, 0.15153, 0.98654 )
Vector[65] = ( -0.12493, -0.68970, -0.09329 )
Vector[66] = ( 0.66904, -0.65657, 0.34828 )
Vector[67] = ( -0.06017, -0.26607, 0.65237 )
Vector[68] = ( 0.96136, -0.26577, 0.07174 )
Vector[69] = ( 0.02575, -0.65078, 0.27537 )
Vector[70] = ( 0.34451, 0.40735, 0.84580 )
Vector[71] = ( 0.26246, -0.65521, 0.04258 )
Vector[72] = ( 0.15561, -0.24302, 0.95746 )
Vector[73] = ( -0.15101, 0.63624, 0.26906 )
Vector[74] = ( 0.51154, -0.50841, 0.69270 )
Vector[75] = ( -0.29081, 0.42589, 0.48378 )
Vector[76] = ( 0.51246, -0.05411, 0.85701 )
Vector[77] = ( -0.55985, 0.43087, -0.03029 )
Vector[78] = ( 0.78082, -0.21751, 0.58568 )
Vector[79] = ( 0.00000, 0.00000, 0.00000 )
